0.3293843081678570
1.3995715775540434
2.0024743277465324
2.3321379979173784
2.5068265906358671
2.5970922833879637
2.6430212120625858
2.6661935301771020
2.6778327982869832
2.6836658554961788
2.6865857582970776
2.6880465555583402
2.6887771659439204
2.6891425241116362
2.6893252164436996
2.6894165659225067
2.6894622414901570
2.6894850794807925
2.6894964985281611
2.6895022080643352
2.6895050628361639
2.6895064902217878
2.6895072039167913
2.6895075607646075
2.6895077391870310
2.6895078284001954
2.6895078730075137
2.6895078953040845
2.6895079064558676
2.6895079120229268
2.6895079148462941
2.6895079163127344
2.6895079164741134
2.6895079170577123
2.6895079182745536
2.6895079238219677
2.6895079330732390
