2.7982491366824975
2.7236483205457831
2.6965442786586800
2.6910792188026149
2.6898796431822318
2.6895984170500595
2.6895302529080301
2.6895134661881550
2.6895093004093513
2.6895082627703606
2.6895080038327639
2.6895079391571071
2.6895079229955572
2.6895079189561431
2.6895079179462460
2.6895079176938506
2.6895079176307268
2.6895079176151695
2.6895079176110159
2.6895079176100953
2.6895079176096508
2.6895079176107268
2.6895079176099363
2.6895079176101699
2.6895079176106655
2.6895079176139922
2.6895079176118006
2.6895079176086440